layer_1 layer_2 layer_3 iter score
6.0000 12.0000 3.0000 200.0000 0.8904
6.0000 12.0000 3.0000 600.0000 0.8896
6.0000 12.0000 3.0000 1000.0000 0.8919
6.0000 12.0000 6.0000 200.0000 0.8934
6.0000 12.0000 6.0000 600.0000 0.8930
6.0000 12.0000 6.0000 1000.0000 0.8925
6.0000 12.0000 9.0000 200.0000 0.8896
6.0000 12.0000 9.0000 600.0000 0.8935
6.0000 12.0000 9.0000 1000.0000 0.8888
6.0000 12.0000 12.0000 200.0000 0.8922
6.0000 12.0000 12.0000 600.0000 0.8909
6.0000 12.0000 12.0000 1000.0000 0.8934
6.0000 24.0000 3.0000 200.0000 0.8932
6.0000 24.0000 3.0000 600.0000 0.8923
6.0000 24.0000 3.0000 1000.0000 0.8934
6.0000 24.0000 6.0000 200.0000 0.8883
6.0000 24.0000 6.0000 600.0000 0.8926
6.0000 24.0000 6.0000 1000.0000 0.8932
6.0000 24.0000 9.0000 200.0000 0.8931
6.0000 24.0000 9.0000 600.0000 0.8928
6.0000 24.0000 9.0000 1000.0000 0.8930
6.0000 24.0000 12.0000 200.0000 0.8945
6.0000 24.0000 12.0000 600.0000 0.8968
6.0000 24.0000 12.0000 1000.0000 0.8934
6.0000 36.0000 3.0000 200.0000 0.8957
6.0000 36.0000 3.0000 600.0000 0.8946
6.0000 36.0000 3.0000 1000.0000 0.8929
6.0000 36.0000 6.0000 200.0000 0.8912
6.0000 36.0000 6.0000 600.0000 0.8936
6.0000 36.0000 6.0000 1000.0000 0.8923
6.0000 36.0000 9.0000 200.0000 0.8906
6.0000 36.0000 9.0000 600.0000 0.8907
6.0000 36.0000 9.0000 1000.0000 0.8957
6.0000 36.0000 12.0000 200.0000 0.8943
6.0000 36.0000 12.0000 600.0000 0.8954
6.0000 36.0000 12.0000 1000.0000 0.8948
6.0000 48.0000 3.0000 200.0000 0.8942
6.0000 48.0000 3.0000 600.0000 0.6940
6.0000 48.0000 3.0000 1000.0000 0.8900
6.0000 48.0000 6.0000 200.0000 0.8935
6.0000 48.0000 6.0000 600.0000 0.8971
6.0000 48.0000 6.0000 1000.0000 0.8987
6.0000 48.0000 9.0000 200.0000 0.8979
6.0000 48.0000 9.0000 600.0000 0.8934
6.0000 48.0000 9.0000 1000.0000 0.8960
6.0000 48.0000 12.0000 200.0000 0.8970
6.0000 48.0000 12.0000 600.0000 0.8958
6.0000 48.0000 12.0000 1000.0000 0.8962
6.0000 60.0000 3.0000 200.0000 0.8950
6.0000 60.0000 3.0000 600.0000 0.8938
6.0000 60.0000 3.0000 1000.0000 0.8950
6.0000 60.0000 6.0000 200.0000 0.8968
6.0000 60.0000 6.0000 600.0000 0.8969
6.0000 60.0000 6.0000 1000.0000 0.8976
6.0000 60.0000 9.0000 200.0000 0.8993
6.0000 60.0000 9.0000 600.0000 0.8936
6.0000 60.0000 9.0000 1000.0000 0.8939
6.0000 60.0000 12.0000 200.0000 0.8958
6.0000 60.0000 12.0000 600.0000 0.8962
6.0000 60.0000 12.0000 1000.0000 0.8961
12.0000 12.0000 3.0000 200.0000 0.6940
12.0000 12.0000 3.0000 600.0000 0.8943
12.0000 12.0000 3.0000 1000.0000 0.8942
12.0000 12.0000 6.0000 200.0000 0.8961
12.0000 12.0000 6.0000 600.0000 0.8955
12.0000 12.0000 6.0000 1000.0000 0.8971
12.0000 12.0000 9.0000 200.0000 0.8936
12.0000 12.0000 9.0000 600.0000 0.8966
12.0000 12.0000 9.0000 1000.0000 0.8965
12.0000 12.0000 12.0000 200.0000 0.8970
12.0000 12.0000 12.0000 600.0000 0.8980
12.0000 12.0000 12.0000 1000.0000 0.8969
12.0000 24.0000 3.0000 200.0000 0.8978
12.0000 24.0000 3.0000 600.0000 0.8983
12.0000 24.0000 3.0000 1000.0000 0.8988
12.0000 24.0000 6.0000 200.0000 0.8988
12.0000 24.0000 6.0000 600.0000 0.8989
12.0000 24.0000 6.0000 1000.0000 0.8955
12.0000 24.0000 9.0000 200.0000 0.8965
12.0000 24.0000 9.0000 600.0000 0.8985
12.0000 24.0000 9.0000 1000.0000 0.8996
12.0000 24.0000 12.0000 200.0000 0.8993
12.0000 24.0000 12.0000 600.0000 0.8971
12.0000 24.0000 12.0000 1000.0000 0.8980
12.0000 36.0000 3.0000 200.0000 0.9013
12.0000 36.0000 3.0000 600.0000 0.9005
12.0000 36.0000 3.0000 1000.0000 0.9002
12.0000 36.0000 6.0000 200.0000 0.8979
12.0000 36.0000 6.0000 600.0000 0.8978
12.0000 36.0000 6.0000 1000.0000 0.8990
12.0000 36.0000 9.0000 200.0000 0.9016
12.0000 36.0000 9.0000 600.0000 0.9015
12.0000 36.0000 9.0000 1000.0000 0.8997
12.0000 36.0000 12.0000 200.0000 0.9032
12.0000 36.0000 12.0000 600.0000 0.9012
12.0000 36.0000 12.0000 1000.0000 0.9026
12.0000 48.0000 3.0000 200.0000 0.8993
12.0000 48.0000 3.0000 600.0000 0.9017
12.0000 48.0000 3.0000 1000.0000 0.9008
12.0000 48.0000 6.0000 200.0000 0.8993
12.0000 48.0000 6.0000 600.0000 0.8982
12.0000 48.0000 6.0000 1000.0000 0.9017
12.0000 48.0000 9.0000 200.0000 0.9017
12.0000 48.0000 9.0000 600.0000 0.9003
12.0000 48.0000 9.0000 1000.0000 0.9032
12.0000 48.0000 12.0000 200.0000 0.9013
12.0000 48.0000 12.0000 600.0000 0.9024
12.0000 48.0000 12.0000 1000.0000 0.9026
12.0000 60.0000 3.0000 200.0000 0.8984
12.0000 60.0000 3.0000 600.0000 0.9013
12.0000 60.0000 3.0000 1000.0000 0.9027
12.0000 60.0000 6.0000 200.0000 0.9016
12.0000 60.0000 6.0000 600.0000 0.9010
12.0000 60.0000 6.0000 1000.0000 0.9020
12.0000 60.0000 9.0000 200.0000 0.9034
12.0000 60.0000 9.0000 600.0000 0.9023
12.0000 60.0000 9.0000 1000.0000 0.9029
12.0000 60.0000 12.0000 200.0000 0.9026
12.0000 60.0000 12.0000 600.0000 0.9015
12.0000 60.0000 12.0000 1000.0000 0.9011
18.0000 12.0000 3.0000 200.0000 0.8969
18.0000 12.0000 3.0000 600.0000 0.8978
18.0000 12.0000 3.0000 1000.0000 0.8963
18.0000 12.0000 6.0000 200.0000 0.8993
18.0000 12.0000 6.0000 600.0000 0.8989
18.0000 12.0000 6.0000 1000.0000 0.8993
18.0000 12.0000 9.0000 200.0000 0.9001
18.0000 12.0000 9.0000 600.0000 0.8987
18.0000 12.0000 9.0000 1000.0000 0.8990
18.0000 12.0000 12.0000 200.0000 0.8978
18.0000 12.0000 12.0000 600.0000 0.8990
18.0000 12.0000 12.0000 1000.0000 0.9000
18.0000 24.0000 3.0000 200.0000 0.9009
18.0000 24.0000 3.0000 600.0000 0.9011
18.0000 24.0000 3.0000 1000.0000 0.9013
18.0000 24.0000 6.0000 200.0000 0.9027
18.0000 24.0000 6.0000 600.0000 0.8984
18.0000 24.0000 6.0000 1000.0000 0.9014
18.0000 24.0000 9.0000 200.0000 0.9021
18.0000 24.0000 9.0000 600.0000 0.9027
18.0000 24.0000 9.0000 1000.0000 0.9005
18.0000 24.0000 12.0000 200.0000 0.9004
18.0000 24.0000 12.0000 600.0000 0.9015
18.0000 24.0000 12.0000 1000.0000 0.9022
18.0000 36.0000 3.0000 200.0000 0.9028
18.0000 36.0000 3.0000 600.0000 0.8993
18.0000 36.0000 3.0000 1000.0000 0.9032
18.0000 36.0000 6.0000 200.0000 0.9032
18.0000 36.0000 6.0000 600.0000 0.9012
18.0000 36.0000 6.0000 1000.0000 0.9016
18.0000 36.0000 9.0000 200.0000 0.9023
18.0000 36.0000 9.0000 600.0000 0.9038
18.0000 36.0000 9.0000 1000.0000 0.9034
18.0000 36.0000 12.0000 200.0000 0.9028
18.0000 36.0000 12.0000 600.0000 0.9027
18.0000 36.0000 12.0000 1000.0000 0.9023
18.0000 48.0000 3.0000 200.0000 0.9025
18.0000 48.0000 3.0000 600.0000 0.9032
18.0000 48.0000 3.0000 1000.0000 0.9019
18.0000 48.0000 6.0000 200.0000 0.9038
18.0000 48.0000 6.0000 600.0000 0.9034
18.0000 48.0000 6.0000 1000.0000 0.9032
18.0000 48.0000 9.0000 200.0000 0.9042
18.0000 48.0000 9.0000 600.0000 0.9052
18.0000 48.0000 9.0000 1000.0000 0.9039
18.0000 48.0000 12.0000 200.0000 0.9055
18.0000 48.0000 12.0000 600.0000 0.9029
18.0000 48.0000 12.0000 1000.0000 0.9052
18.0000 60.0000 3.0000 200.0000 0.9017
18.0000 60.0000 3.0000 600.0000 0.9026
18.0000 60.0000 3.0000 1000.0000 0.9029
18.0000 60.0000 6.0000 200.0000 0.9036
18.0000 60.0000 6.0000 600.0000 0.9027
18.0000 60.0000 6.0000 1000.0000 0.9031
18.0000 60.0000 9.0000 200.0000 0.9057
18.0000 60.0000 9.0000 600.0000 0.9040
18.0000 60.0000 9.0000 1000.0000 0.9071
18.0000 60.0000 12.0000 200.0000 0.9018
18.0000 60.0000 12.0000 600.0000 0.9067
18.0000 60.0000 12.0000 1000.0000 0.9035
24.0000 12.0000 3.0000 200.0000 0.8992
24.0000 12.0000 3.0000 600.0000 0.9013
24.0000 12.0000 3.0000 1000.0000 0.9007
24.0000 12.0000 6.0000 200.0000 0.9006
24.0000 12.0000 6.0000 600.0000 0.8999
24.0000 12.0000 6.0000 1000.0000 0.8992
24.0000 12.0000 9.0000 200.0000 0.8981
24.0000 12.0000 9.0000 600.0000 0.9018
24.0000 12.0000 9.0000 1000.0000 0.8989
24.0000 12.0000 12.0000 200.0000 0.9005
24.0000 12.0000 12.0000 600.0000 0.9002
24.0000 12.0000 12.0000 1000.0000 0.9007
24.0000 24.0000 3.0000 200.0000 0.9029
24.0000 24.0000 3.0000 600.0000 0.9031
24.0000 24.0000 3.0000 1000.0000 0.9029
24.0000 24.0000 6.0000 200.0000 0.9028
24.0000 24.0000 6.0000 600.0000 0.9043
24.0000 24.0000 6.0000 1000.0000 0.9023
24.0000 24.0000 9.0000 200.0000 0.9027
24.0000 24.0000 9.0000 600.0000 0.9017
24.0000 24.0000 9.0000 1000.0000 0.9002
24.0000 24.0000 12.0000 200.0000 0.9045
24.0000 24.0000 12.0000 600.0000 0.9023
24.0000 24.0000 12.0000 1000.0000 0.9024
24.0000 36.0000 3.0000 200.0000 0.9042
24.0000 36.0000 3.0000 600.0000 0.9028
24.0000 36.0000 3.0000 1000.0000 0.9012
24.0000 36.0000 6.0000 200.0000 0.9055
24.0000 36.0000 6.0000 600.0000 0.9033
24.0000 36.0000 6.0000 1000.0000 0.9067
24.0000 36.0000 9.0000 200.0000 0.9075
24.0000 36.0000 9.0000 600.0000 0.9033
24.0000 36.0000 9.0000 1000.0000 0.9061
24.0000 36.0000 12.0000 200.0000 0.9038
24.0000 36.0000 12.0000 600.0000 0.9042
24.0000 36.0000 12.0000 1000.0000 0.9055
24.0000 48.0000 3.0000 200.0000 0.9028
24.0000 48.0000 3.0000 600.0000 0.9043
24.0000 48.0000 3.0000 1000.0000 0.9069
24.0000 48.0000 6.0000 200.0000 0.9038
24.0000 48.0000 6.0000 600.0000 0.9040
24.0000 48.0000 6.0000 1000.0000 0.9064
24.0000 48.0000 9.0000 200.0000 0.9063
24.0000 48.0000 9.0000 600.0000 0.9053
24.0000 48.0000 9.0000 1000.0000 0.9047
24.0000 48.0000 12.0000 200.0000 0.9055
24.0000 48.0000 12.0000 600.0000 0.9048
24.0000 48.0000 12.0000 1000.0000 0.9057
24.0000 60.0000 3.0000 200.0000 0.9050
24.0000 60.0000 3.0000 600.0000 0.9061
24.0000 60.0000 3.0000 1000.0000 0.9074
24.0000 60.0000 6.0000 200.0000 0.9052
24.0000 60.0000 6.0000 600.0000 0.9042
24.0000 60.0000 6.0000 1000.0000 0.9061
24.0000 60.0000 9.0000 200.0000 0.9069
24.0000 60.0000 9.0000 600.0000 0.9069
24.0000 60.0000 9.0000 1000.0000 0.9055
24.0000 60.0000 12.0000 200.0000 0.9062
24.0000 60.0000 12.0000 600.0000 0.9066
24.0000 60.0000 12.0000 1000.0000 0.9059
30.0000 12.0000 3.0000 200.0000 0.9016
30.0000 12.0000 3.0000 600.0000 0.9019
30.0000 12.0000 3.0000 1000.0000 0.9017
30.0000 12.0000 6.0000 200.0000 0.9028
30.0000 12.0000 6.0000 600.0000 0.9010
30.0000 12.0000 6.0000 1000.0000 0.9011
30.0000 12.0000 9.0000 200.0000 0.9014
30.0000 12.0000 9.0000 600.0000 0.9027
30.0000 12.0000 9.0000 1000.0000 0.8982
30.0000 12.0000 12.0000 200.0000 0.9010
30.0000 12.0000 12.0000 600.0000 0.9018
30.0000 12.0000 12.0000 1000.0000 0.9021
30.0000 24.0000 3.0000 200.0000 0.9046
30.0000 24.0000 3.0000 600.0000 0.9032
30.0000 24.0000 3.0000 1000.0000 0.9060
30.0000 24.0000 6.0000 200.0000 0.9025
30.0000 24.0000 6.0000 600.0000 0.9037
30.0000 24.0000 6.0000 1000.0000 0.9058
30.0000 24.0000 9.0000 200.0000 0.9048
30.0000 24.0000 9.0000 600.0000 0.9053
30.0000 24.0000 9.0000 1000.0000 0.9034
30.0000 24.0000 12.0000 200.0000 0.9047
30.0000 24.0000 12.0000 600.0000 0.9046
30.0000 24.0000 12.0000 1000.0000 0.9048
30.0000 36.0000 3.0000 200.0000 0.9067
30.0000 36.0000 3.0000 600.0000 0.9041
30.0000 36.0000 3.0000 1000.0000 0.9025
30.0000 36.0000 6.0000 200.0000 0.9050
30.0000 36.0000 6.0000 600.0000 0.9049
30.0000 36.0000 6.0000 1000.0000 0.9046
30.0000 36.0000 9.0000 200.0000 0.9051
30.0000 36.0000 9.0000 600.0000 0.9032
30.0000 36.0000 9.0000 1000.0000 0.9050
30.0000 36.0000 12.0000 200.0000 0.9042
30.0000 36.0000 12.0000 600.0000 0.9045
30.0000 36.0000 12.0000 1000.0000 0.9036
30.0000 48.0000 3.0000 200.0000 0.9063
30.0000 48.0000 3.0000 600.0000 0.9055
30.0000 48.0000 3.0000 1000.0000 0.9074
30.0000 48.0000 6.0000 200.0000 0.9068
30.0000 48.0000 6.0000 600.0000 0.9057
30.0000 48.0000 6.0000 1000.0000 0.9076
30.0000 48.0000 9.0000 200.0000 0.9064
30.0000 48.0000 9.0000 600.0000 0.9040
30.0000 48.0000 9.0000 1000.0000 0.9036
30.0000 48.0000 12.0000 200.0000 0.9068
30.0000 48.0000 12.0000 600.0000 0.9053
30.0000 48.0000 12.0000 1000.0000 0.9061
30.0000 60.0000 3.0000 200.0000 0.9067
30.0000 60.0000 3.0000 600.0000 0.9077
30.0000 60.0000 3.0000 1000.0000 0.9063
30.0000 60.0000 6.0000 200.0000 0.9086
30.0000 60.0000 6.0000 600.0000 0.9058
30.0000 60.0000 6.0000 1000.0000 0.9060
30.0000 60.0000 9.0000 200.0000 0.9050
30.0000 60.0000 9.0000 600.0000 0.9068
30.0000 60.0000 9.0000 1000.0000 0.9058
30.0000 60.0000 12.0000 200.0000 0.9050
30.0000 60.0000 12.0000 600.0000 0.9061
30.0000 60.0000 12.0000 1000.0000 0.9065
